0 0.8971354166666666 0.9149305555555555 0.0859375 0.17013888888888887
0 0.9869791666666666 0.6388888888888888 0.026041666666666664 0.15277777777777776
0 0.7604166666666666 0.41840277777777773 0.020833333333333332 0.09375
0 0.734375 0.36979166666666663 0.020833333333333332 0.03125
0 0.7200520833333333 0.5729166666666666 0.0390625 0.13194444444444445
0 0.6692708333333333 0.5815972222222222 0.03645833333333333 0.11458333333333333
0 0.59375 0.5138888888888888 0.03125 0.0625
0 0.6497395833333333 0.46875 0.033854166666666664 0.09722222222222221
0 0.58984375 0.43402777777777773 0.028645833333333332 0.09027777777777778
0 0.3359375 0.4131944444444444 0.020833333333333332 0.06944444444444445
0 0.3684895833333333 0.4131944444444444 0.0234375 0.06944444444444445
0 0.3984375 0.46354166666666663 0.026041666666666664 0.05208333333333333
0 0.4505208333333333 0.4427083333333333 0.015625 0.0798611111111111
0 0.4309895833333333 0.4444444444444444 0.028645833333333332 0.08333333333333333
0 0.31119791666666663 0.501736111111111 0.028645833333333332 0.09375
0 0.28125 0.5034722222222222 0.03125 0.09722222222222221
0 0.49869791666666663 0.35416666666666663 0.013020833333333332 0.0625
