0 0.5364583333333333 0.6354166666666666 0.020833333333333332 0.0625
0 0.6432291666666666 0.6163194444444444 0.03125 0.0798611111111111
0 0.33854166666666663 0.7135416666666666 0.046875 0.17708333333333331
0 0.98046875 0.4600694444444444 0.033854166666666664 0.07291666666666666
0 0.2864583333333333 0.3611111111111111 0.015625 0.05555555555555555
0 0.41666666666666663 0.40625 0.020833333333333332 0.07638888888888888
0 0.5390625 0.3940972222222222 0.020833333333333332 0.0798611111111111
0 0.56640625 0.4097222222222222 0.018229166666666664 0.041666666666666664
0 0.5716145833333333 0.375 0.013020833333333332 0.05555555555555555
0 0.58984375 0.38888888888888884 0.018229166666666664 0.07638888888888888
0 0.58984375 0.3472222222222222 0.018229166666666664 0.034722222222222224
