0 0.799479 0.541667 0.041667 0.138889
0 0.761719 0.545139 0.033854 0.131944
0 0.747396 0.588542 0.036458 0.128472
0 0.658854 0.519097 0.036458 0.114583
0 0.595052 0.548611 0.039062 0.125000
0 0.516927 0.583333 0.033854 0.138889
0 0.391927 0.564236 0.039062 0.135417
0 0.166667 0.406250 0.020833 0.069444
0 0.436198 0.435764 0.023438 0.093750
0 0.597656 0.437500 0.023438 0.083333
0 0.622396 0.439236 0.026042 0.079861
0 0.529948 0.387153 0.018229 0.065972
0 0.511719 0.380208 0.018229 0.072917
0 0.308594 0.380208 0.013021 0.052083
0 0.325521 0.385417 0.020833 0.062500
0 0.352865 0.381944 0.018229 0.062500
0 0.375000 0.399306 0.015625 0.062500
0 0.371094 0.362847 0.018229 0.038194
0 0.401042 0.368056 0.015625 0.069444
0 0.419271 0.369792 0.015625 0.059028
0 0.433594 0.354167 0.013021 0.048611
0 0.446615 0.343750 0.013021 0.041667
0 0.334635 0.328125 0.018229 0.045139
0 0.290365 0.338542 0.013021 0.045139
0 0.307292 0.333333 0.010417 0.041667
0 0.417969 0.329861 0.013021 0.034722
