0 0.303385 0.619792 0.028646 0.156250
0 0.343750 0.625000 0.041667 0.159722
0 0.451823 0.595486 0.018229 0.107639
0 0.937500 0.895833 0.072917 0.208333
0 0.587240 0.543403 0.039062 0.128472
0 0.541667 0.550347 0.036458 0.114583
0 0.713542 0.404514 0.031250 0.079861
0 0.925781 0.451389 0.033854 0.048611
0 0.446615 0.446181 0.023438 0.093750
0 0.298177 0.425347 0.023438 0.052083
0 0.373698 0.399306 0.018229 0.062500
0 0.345052 0.395833 0.013021 0.069444
0 0.337240 0.371528 0.018229 0.062500
0 0.359375 0.368056 0.015625 0.062500
0 0.378906 0.352431 0.018229 0.038194
0 0.416667 0.345486 0.015625 0.052083
0 0.433594 0.343750 0.018229 0.055556
0 0.315104 0.317708 0.015625 0.045139
0 0.332031 0.317708 0.013021 0.038194
0 0.342448 0.317708 0.007812 0.031250
0 0.984375 0.885417 0.031250 0.187500
