0 0.290365 0.579861 0.018229 0.076389
0 0.138021 0.907986 0.057292 0.184028
0 0.307292 0.593750 0.020833 0.097222
0 0.329427 0.574653 0.028646 0.114583
0 0.356771 0.557292 0.031250 0.121528
0 0.520833 0.585069 0.041667 0.142361
0 0.536458 0.506944 0.031250 0.104167
0 0.660156 0.633681 0.054688 0.142361
0 0.713542 0.635417 0.041667 0.145833
0 0.690104 0.498264 0.031250 0.107639
0 0.628906 0.472222 0.028646 0.097222
0 0.604167 0.470486 0.026042 0.100694
0 0.569010 0.418403 0.023438 0.079861
0 0.545573 0.423611 0.023438 0.076389
0 0.537760 0.338542 0.018229 0.045139
0 0.522135 0.329861 0.013021 0.041667
0 0.438802 0.442708 0.023438 0.079861
0 0.416667 0.440972 0.020833 0.083333
0 0.342448 0.414931 0.018229 0.065972
0 0.363281 0.420139 0.018229 0.069444
0 0.386719 0.322917 0.013021 0.041667
0 0.372396 0.331597 0.010417 0.045139
0 0.358073 0.319444 0.013021 0.027778
0 0.434896 0.350694 0.015625 0.055556
0 0.414062 0.348958 0.015625 0.045139
0 0.399740 0.338542 0.013021 0.031250
0 0.339844 0.347222 0.013021 0.048611
0 0.326823 0.362847 0.013021 0.052083
0 0.313802 0.364583 0.013021 0.048611
0 0.356771 0.362847 0.010417 0.038194
0 0.398438 0.381944 0.010417 0.048611
0 0.386719 0.373264 0.013021 0.045139
