0 0.6731770833333333 0.3940972222222222 0.0234375 0.06597222222222222
0 0.6783854166666666 0.4878472222222222 0.033854166666666664 0.11458333333333333
0 0.24479166666666666 0.43576388888888884 0.020833333333333332 0.07291666666666666
0 0.2903645833333333 0.43229166666666663 0.0234375 0.07291666666666666
0 0.3763020833333333 0.3819444444444444 0.018229166666666664 0.06944444444444445
0 0.35807291666666663 0.3836805555555555 0.018229166666666664 0.06597222222222222
0 0.3177083333333333 0.359375 0.015625 0.03125
0 0.33463541666666663 0.35590277777777773 0.013020833333333332 0.024305555555555552
0 0.34244791666666663 0.3802083333333333 0.013020833333333332 0.059027777777777776
0 0.32421875 0.40104166666666663 0.018229166666666664 0.07291666666666666
