0 0.281250 0.317708 0.010417 0.038194
0 0.290365 0.317708 0.013021 0.038194
0 0.352865 0.314236 0.013021 0.045139
0 0.309896 0.345486 0.010417 0.045139
0 0.325521 0.345486 0.015625 0.052083
0 0.307292 0.394097 0.015625 0.059028
0 0.442708 0.446181 0.020833 0.079861
0 0.398438 0.529514 0.041667 0.079861
0 0.514323 0.552083 0.028646 0.118056
0 0.557292 0.427083 0.020833 0.076389
0 0.582031 0.496528 0.028646 0.090278
0 0.658854 0.437500 0.031250 0.069444
0 0.636719 0.500000 0.028646 0.111111
0 0.677083 0.500000 0.036458 0.118056
0 0.731771 0.468750 0.026042 0.097222
0 0.717448 0.590278 0.033854 0.145833
0 0.753906 0.847222 0.075521 0.222222
0 0.886719 0.824653 0.101562 0.225694
0 0.863281 0.635417 0.054688 0.145833
0 0.912760 0.633681 0.044271 0.149306
