0 0.38541666666666663 0.4461805555555555 0.020833333333333332 0.08680555555555555
0 0.38932291666666663 0.390625 0.018229166666666664 0.03819444444444444
0 0.41015625 0.40451388888888884 0.018229166666666664 0.0798611111111111
0 0.42838541666666663 0.43576388888888884 0.0234375 0.0798611111111111
0 0.4505208333333333 0.43229166666666663 0.015625 0.07291666666666666
0 0.54296875 0.453125 0.0234375 0.09375
0 0.5833333333333333 0.453125 0.026041666666666664 0.08680555555555555
0 0.6822916666666666 0.4114583333333333 0.026041666666666664 0.08680555555555555
0 0.7044270833333333 0.4114583333333333 0.018229166666666664 0.0798611111111111
0 0.7213541666666666 0.40451388888888884 0.020833333333333332 0.08680555555555555
0 0.6809895833333333 0.5972222222222222 0.0390625 0.1388888888888889
0 0.71875 0.5972222222222222 0.03645833333333333 0.1388888888888889
0 0.8138020833333333 0.5833333333333333 0.0390625 0.13194444444444445
