0 0.7643229166666666 0.40104166666666663 0.018229166666666664 0.03819444444444444
0 0.7408854166666666 0.38888888888888884 0.018229166666666664 0.048611111111111105
0 0.71875 0.4097222222222222 0.020833333333333332 0.05555555555555555
0 0.6614583333333333 0.5277777777777778 0.03645833333333333 0.1111111111111111
0 0.3203125 0.3784722222222222 0.015625 0.048611111111111105
0 0.5911458333333333 0.30902777777777773 0.015625 0.020833333333333332
0 0.53515625 0.3940972222222222 0.018229166666666664 0.07291666666666666
0 0.6328125 0.4444444444444444 0.026041666666666664 0.09027777777777778
0 0.6080729166666666 0.45138888888888884 0.028645833333333332 0.09027777777777778
0 0.5807291666666666 0.4600694444444444 0.020833333333333332 0.09375
