0 0.341146 0.347222 0.010417 0.055556
0 0.355469 0.345486 0.013021 0.052083
0 0.382812 0.317708 0.010417 0.031250
0 0.393229 0.322917 0.010417 0.048611
0 0.380208 0.366319 0.015625 0.059028
0 0.398438 0.366319 0.015625 0.059028
0 0.372396 0.434028 0.020833 0.076389
0 0.520833 0.472222 0.026042 0.090278
0 0.683594 0.479167 0.028646 0.104167
0 0.718750 0.477431 0.031250 0.100694
0 0.770833 0.638889 0.041667 0.145833
0 0.825521 0.531250 0.031250 0.083333
0 0.822917 0.637153 0.041667 0.149306
0 0.880208 0.651042 0.036458 0.135417
0 0.281250 0.369792 0.015625 0.059028
