0 0.981771 0.668403 0.036458 0.135417
0 0.790365 0.678819 0.059896 0.142361
0 0.735677 0.689236 0.054688 0.149306
0 0.703125 0.498264 0.026042 0.114583
0 0.710938 0.434028 0.026042 0.055556
0 0.665365 0.453125 0.018229 0.093750
0 0.682292 0.439236 0.026042 0.093750
0 0.298177 0.414931 0.028646 0.052083
0 0.348958 0.375000 0.015625 0.062500
0 0.375000 0.369792 0.015625 0.052083
0 0.403646 0.362847 0.015625 0.045139
0 0.420573 0.407986 0.018229 0.059028
0 0.442708 0.399306 0.020833 0.062500
0 0.437500 0.348958 0.015625 0.038194
0 0.419271 0.359375 0.010417 0.038194
0 0.378906 0.322917 0.013021 0.041667
0 0.367188 0.324653 0.010417 0.038194
0 0.326823 0.338542 0.018229 0.045139
0 0.312500 0.345486 0.010417 0.045139
0 0.299479 0.329861 0.015625 0.041667
0 0.394531 0.536458 0.039062 0.079861
