0 0.32682291666666663 0.5885416666666666 0.0390625 0.12152777777777778
0 0.97265625 0.734375 0.0546875 0.2048611111111111
0 0.5950520833333333 0.41666666666666663 0.0234375 0.09027777777777778
0 0.28776041666666663 0.359375 0.018229166666666664 0.05208333333333333
0 0.3489583333333333 0.3732638888888889 0.015625 0.06597222222222222
0 0.37109375 0.37152777777777773 0.018229166666666664 0.0625
0 0.38932291666666663 0.36979166666666663 0.018229166666666664 0.059027777777777776
0 0.7018229166666666 0.46875 0.033854166666666664 0.10416666666666666
0 0.73046875 0.47916666666666663 0.0234375 0.11805555555555555
0 0.7526041666666666 0.46527777777777773 0.026041666666666664 0.1111111111111111
0 0.7864583333333333 0.48263888888888884 0.03125 0.1111111111111111
