0 0.6770833333333333 0.5538194444444444 0.03645833333333333 0.1284722222222222
0 0.71484375 0.4774305555555555 0.0390625 0.11458333333333333
0 0.8880208333333333 0.6996527777777778 0.0625 0.18402777777777776
0 0.98828125 0.7083333333333333 0.0234375 0.1388888888888889
0 0.9557291666666666 0.7135416666666666 0.041666666666666664 0.13541666666666666
0 0.2890625 0.37152777777777773 0.015625 0.0625
0 0.3098958333333333 0.3732638888888889 0.015625 0.059027777777777776
0 0.32682291666666663 0.37152777777777773 0.018229166666666664 0.05555555555555555
0 0.34244791666666663 0.3680555555555555 0.018229166666666664 0.05555555555555555
0 0.36588541666666663 0.3680555555555555 0.018229166666666664 0.0625
0 0.5677083333333333 0.3576388888888889 0.026041666666666664 0.06944444444444445
0 0.5989583333333333 0.35416666666666663 0.026041666666666664 0.06944444444444445
0 0.6197916666666666 0.35416666666666663 0.015625 0.0625
