0 0.809896 0.654514 0.041667 0.156250
0 0.838542 0.652778 0.031250 0.152778
0 0.873698 0.651042 0.039062 0.149306
0 0.934896 0.644097 0.041667 0.156250
0 0.972656 0.631944 0.044271 0.173611
0 0.630208 0.642361 0.041667 0.131944
0 0.578125 0.652778 0.046875 0.138889
0 0.411458 0.628472 0.041667 0.118056
0 0.373698 0.621528 0.039062 0.131944
0 0.411458 0.529514 0.041667 0.052083
0 0.402344 0.519097 0.023438 0.065972
0 0.669271 0.576389 0.036458 0.131944
0 0.618490 0.501736 0.033854 0.107639
0 0.621094 0.420139 0.023438 0.076389
0 0.295573 0.420139 0.023438 0.055556
0 0.369792 0.444444 0.020833 0.090278
0 0.388021 0.437500 0.015625 0.076389
0 0.407552 0.439236 0.018229 0.072917
0 0.425781 0.442708 0.018229 0.079861
0 0.309896 0.352431 0.015625 0.059028
0 0.375000 0.328125 0.015625 0.045139
0 0.446615 0.394097 0.013021 0.065972
