0 0.302083 0.354167 0.015625 0.055556
0 0.320312 0.357639 0.020833 0.062500
0 0.343750 0.345486 0.010417 0.052083
0 0.355469 0.347222 0.013021 0.055556
0 0.371094 0.345486 0.007812 0.052083
0 0.377604 0.343750 0.005208 0.048611
0 0.388021 0.343750 0.010417 0.048611
0 0.399740 0.342014 0.013021 0.045139
0 0.416667 0.340278 0.015625 0.048611
0 0.433594 0.553819 0.039062 0.121528
0 0.571615 0.522569 0.028646 0.107639
0 0.600260 0.517361 0.028646 0.118056
0 0.889323 0.711806 0.054688 0.187500
0 0.946615 0.723958 0.044271 0.177083
0 0.640625 0.880208 0.072917 0.232639
0 0.761719 0.887153 0.065104 0.225694
0 0.901042 0.907986 0.088542 0.184028
