0 0.351562 0.321181 0.010417 0.045139
0 0.363281 0.317708 0.013021 0.045139
0 0.282552 0.406250 0.018229 0.076389
0 0.377604 0.435764 0.020833 0.086806
0 0.445312 0.378472 0.015625 0.069444
0 0.321615 0.572917 0.039062 0.131944
0 0.382812 0.588542 0.046875 0.128472
0 0.421875 0.604167 0.026042 0.111111
0 0.692708 0.467014 0.026042 0.093750
0 0.722656 0.460069 0.033854 0.100694
0 0.651042 0.562500 0.031250 0.125000
0 0.712240 0.559028 0.039062 0.118056
0 0.750000 0.861111 0.067708 0.222222
