0 0.324219 0.381944 0.018229 0.069444
0 0.399740 0.432292 0.023438 0.100694
0 0.447917 0.449653 0.015625 0.086806
0 0.535156 0.515625 0.028646 0.107639
0 0.563802 0.463542 0.023438 0.086806
0 0.597656 0.456597 0.023438 0.100694
0 0.631510 0.508681 0.033854 0.121528
0 0.665365 0.496528 0.023438 0.111111
0 0.773438 0.595486 0.036458 0.149306
0 0.608073 0.791667 0.039062 0.201389
0 0.707031 0.611111 0.049479 0.159722
0 0.653646 0.807292 0.046875 0.211806
0 0.686198 0.791667 0.039062 0.243056
0 0.727865 0.800347 0.039062 0.211806
0 0.811198 0.593750 0.028646 0.138889
