0 0.346354 0.383681 0.015625 0.065972
0 0.545573 0.409722 0.018229 0.076389
0 0.589844 0.435764 0.023438 0.086806
0 0.519531 0.487847 0.028646 0.086806
0 0.645833 0.446181 0.026042 0.052083
0 0.665365 0.524306 0.028646 0.111111
0 0.622396 0.706597 0.041667 0.170139
0 0.675781 0.684028 0.044271 0.180556
0 0.740885 0.668403 0.033854 0.114583
0 0.773438 0.616319 0.041667 0.107639
0 0.777344 0.850694 0.054688 0.243056
0 0.807292 0.800347 0.052083 0.232639
0 0.855469 0.664931 0.044271 0.156250
0 0.929688 0.640625 0.052083 0.114583
0 0.932292 0.722222 0.036458 0.125000
0 0.906250 0.824653 0.052083 0.218750
